{
    "multiNB": 0.0,
    "bernouliNB": 0.0,
    "svc": 0.0,
    "logReg": 0.358431860609832,
    "decTree": 0.3515579071134627,
    "gradBoost": 0.29166666666666663
    "randomF": 0.2628797886393659
}